      0/59        0G      3.25       2.6         0      5.85         0       320         0         0  0.000946         0      4.02      2.01         0
      1/59        0G      2.34     0.699         0      3.04         3       448         0         0   0.00139         0      5.16      8.89         0
      2/59        0G      2.67     0.288         0      2.96         2       576   0.00607    0.0857    0.0141    0.0113      3.28      0.46         0
      3/59        0G      2.19     0.189         0      2.38         2       640      0.55     0.614     0.585      0.58      3.22     0.195         0
      4/59        0G      2.29     0.182         0      2.47         2       512         0         0    0.0778         0      3.66     0.156         0
      5/59        0G      2.14     0.149         0      2.28         0       448      0.18     0.352     0.152     0.238      3.35    0.0927         0
      6/59        0G      3.16     0.107         0      3.26         6       576      0.46     0.857     0.704     0.598      2.87    0.0854         0
      7/59        0G      2.15     0.113         0      2.26         1       640      0.18    0.0714     0.138     0.102      3.43    0.0872         0
      8/59        0G      2.36     0.127         0      2.49         1       320     0.345     0.165     0.441     0.224       2.9     0.172         0
      9/59        0G       2.1     0.134         0      2.24         7       576     0.727     0.686     0.663     0.706      2.82     0.125         0
     10/59        0G      1.95     0.104         0      2.05         4       512     0.543     0.657      0.58     0.594      2.98     0.077         0
     11/59        0G      1.28      0.11         0      1.39         2       384     0.142     0.362     0.104     0.204      3.56     0.139         0
     12/59        0G      1.34      0.12         0      1.46         1       448     0.715     0.814     0.804     0.761      2.98    0.0678         0
     13/59        0G      1.41     0.112         0      1.52         4       320     0.812     0.643     0.749     0.718      2.99    0.0739         0
     14/59        0G      1.14     0.144         0      1.28         5       320     0.219     0.248     0.191     0.233      3.29    0.0672         0
     15/59        0G      1.55     0.105         0      1.65         3       640     0.502     0.678     0.514     0.577       3.1    0.0633         0
     16/59        0G      1.99     0.093         0      2.08         3       640     0.831     0.814     0.901     0.823      2.68    0.0751         0
     17/59        0G       2.2      0.08         0      2.28         3       640     0.711     0.957     0.948     0.816      2.64    0.0758         0
     18/59        0G      1.97    0.0917         0      2.06         7       320     0.829      0.83     0.894     0.829      3.06    0.0771         0
     19/59        0G      1.02     0.114         0      1.13         7       512     0.639     0.729      0.81     0.681      3.76    0.0717         0
     20/59        0G       1.3    0.0822         0      1.39         0       320      0.74     0.957     0.943     0.835      2.62    0.0557         0
     21/59        0G     0.842    0.0822         0     0.924         2       512     0.719     0.971     0.943     0.826      2.62    0.0519         0
     22/59        0G      1.27    0.0867         0      1.36         4       512     0.895     0.943     0.955     0.918      2.54    0.0564         0
     23/59        0G      1.09    0.0834         0      1.18         3       448     0.904     0.943     0.958     0.923      2.72    0.0528         0
     24/59        0G     0.848    0.0856         0     0.933         5       320     0.825     0.929     0.957     0.874      2.66    0.0515         0
     25/59        0G      1.35    0.0828         0      1.43         7       576     0.907     0.886     0.943     0.896      2.68     0.056         0
     26/59        0G      1.57    0.0679         0      1.64         2       512     0.936     0.929     0.983     0.932       2.5     0.056         0
     27/59        0G      1.04    0.0778         0      1.11         5       512     0.815     0.884      0.91     0.848      2.78    0.0562         0
     28/59        0G      1.46    0.0884         0      1.55         1       320     0.924     0.857     0.948     0.889      2.56    0.0589         0
     29/59        0G     0.888    0.0898         0     0.978         0       320     0.632     0.933     0.777     0.754      2.67    0.0501         0
     30/59        0G      1.08    0.0667         0      1.15         3       448     0.917     0.957     0.959     0.937      2.54    0.0518         0
     31/59        0G     0.914    0.0919         0      1.01         5       576     0.684     0.957     0.905     0.798      2.71    0.0442         0
     32/59        0G      1.12    0.0665         0      1.19         4       384     0.944     0.929     0.966     0.936      2.59    0.0475         0
     33/59        0G      1.28    0.0823         0      1.36         5       384     0.942     0.936     0.967     0.939      2.57    0.0517         0
     34/59        0G     0.758    0.0827         0      0.84         7       512     0.915     0.917     0.961     0.916      2.59    0.0511         0
     35/59        0G      1.17    0.0713         0      1.24         5       320     0.881     0.943     0.962     0.911      2.47    0.0481         0
     36/59        0G     0.763    0.0843         0     0.847         3       448     0.857     0.942      0.96     0.898      2.47    0.0485         0
     37/59        0G     0.978    0.0791         0      1.06         1       448     0.869      0.95     0.967     0.908      2.46    0.0464         0
     38/59        0G     0.733    0.0765         0     0.809         4       320     0.892      0.94     0.967     0.915      2.47    0.0468         0
     39/59        0G      1.49     0.076         0      1.56         4       640     0.932     0.929     0.963      0.93      2.59    0.0487         0
     40/59        0G     0.736    0.0711         0     0.808         2       320     0.958     0.957     0.988     0.957      2.48    0.0452         0
     41/59        0G         1    0.0762         0      1.08         3       384     0.925     0.957     0.986     0.941      2.44    0.0449         0
     42/59        0G     0.727    0.0895         0     0.816         1       512     0.927     0.929     0.963     0.928      2.55    0.0473         0
     43/59        0G      1.65     0.063         0      1.71         7       320      0.92     0.957     0.988     0.938      2.46    0.0447         0
     44/59        0G      1.14     0.073         0      1.21         2       448     0.916     0.943     0.966     0.929      2.52    0.0469         0
     45/59        0G      1.49    0.0656         0      1.56         6       320     0.903     0.943     0.967     0.923      2.51    0.0449         0
     46/59        0G      1.33    0.0801         0      1.41         5       384     0.903     0.914     0.949     0.909      2.57    0.0475         0
     47/59        0G      0.83    0.0682         0     0.899         7       640     0.923     0.943     0.969     0.933      2.48    0.0455         0
     48/59        0G       1.3    0.0695         0      1.37         2       640      0.91     0.943     0.969     0.926      2.48    0.0477         0
     49/59        0G         2    0.0557         0      2.05         7       576     0.944     0.929     0.972     0.936      2.37    0.0482         0
     50/59        0G     0.931    0.0714         0         1         1       512     0.925     0.943     0.972     0.934      2.49    0.0459         0
     51/59        0G     0.965    0.0713         0      1.04         4       448     0.942     0.943     0.972     0.943      2.47    0.0449         0
     52/59        0G     0.656    0.0842         0      0.74         7       320     0.944     0.943     0.972     0.943      2.46    0.0436         0
     53/59        0G     0.689    0.0739         0     0.763         5       384      0.94     0.943     0.974     0.942      2.47    0.0432         0
     54/59        0G     0.955    0.0725         0      1.03         0       384     0.944     0.957     0.992     0.951      2.43    0.0421         0
     55/59        0G      1.37    0.0639         0      1.43         4       320     0.934     0.957     0.992     0.945      2.36    0.0454         0
     56/59        0G     0.682     0.082         0     0.764         2       448     0.945     0.943     0.972     0.944      2.57    0.0441         0
     57/59        0G     0.683    0.0688         0     0.752         4       384     0.931     0.961     0.992     0.946      2.45    0.0429         0
     58/59        0G     0.685    0.0819         0     0.767         2       576     0.892     0.957     0.972     0.923       2.5    0.0424         0
     59/59        0G      1.92    0.0533         0      1.97         2       384     0.934     0.957     0.992     0.946      2.39    0.0422         0
